              precision    recall  f1-score   support

         100       0.12      0.11      0.11       172
       10000       0.14      0.13      0.14       330
          50       0.17      0.25      0.20       338
        1000       0.19      0.15      0.17       409
        5000       0.15      0.19      0.17       306
         200       0.14      0.12      0.13       342
         500       0.18      0.14      0.16       354

    accuracy                           0.16      2251
   macro avg       0.15      0.16      0.15      2251
weighted avg       0.16      0.16      0.16      2251
